sample	HBRRep1	HBRRep2	HBRRep3	UHRRep1	UHRRep2	UHRRep3
HBRRep1	0	20.8412546200869	19.8903044609602	47.273684668867	47.817309140401	47.4224838163304
HBRRep2	20.8412546200869	0	20.7753345220136	47.0290171322733	47.1739755542016	46.8432879714564
HBRRep3	19.8903044609602	20.7753345220136	0	46.8336819323751	47.7283180273678	47.1270863493395
UHRRep1	47.273684668867	47.0290171322733	46.8336819323751	0	19.6846461694016	16.8515630176115
UHRRep2	47.817309140401	47.1739755542016	47.7283180273678	19.6846461694016	0	21.1447251185243
UHRRep3	47.4224838163304	46.8432879714564	47.1270863493395	16.8515630176115	21.1447251185243	0
